4
41
9
6
65
84
55
99
33
22
84
70
9
98
39
85
99
69
50
31
49
92
47
89
68
75
92
21
29
78
71
99
69
42
95
51
42
10
16
35
65
62
57
3
1
10
31
47
62
83
80
95
10
13
91
41
15
23
94
85
92
18
91
67
70
37
76
52
51
42
76
40
65
98
11
38
22
61
22
91
96
96
79
89
97
49
26
57
15
37
1
87
82
33
85
75
27
80
20
10
58
44
15
37
72
49
85
2
49
100
28
85
5
82
73
94
55
6
76
38
82
95
85
36
1
81
92
10
97
96
87
83
13
86
56
27
93
24
56
78
53
54
71
95
7
2
11
90
58
15
34
33
72
68
14
93
61
69
52
34
81
1
73
84
46
55
89
77
31
89
40
7
100
64
96
88
8
14
77
34
62
35
70
38
77
5
82
91
77
68
64
82
63
90
66
67
72
83
70
39
13
13
28
96
51
56
10
7
29
97
69
21
46
13
55
11
98
75
27
5
85
1
40
8
34
49
20
15
62
54
38
55
39
49
22
68
95
27
33
81
71
83
72
32
49
11
23
40
80
8
4
47
36
55
35
1
14
25
88
20
12
69
60
71
44
86
1
33
87
66
63
47
90
66
96
9
84
43
8
27
82
99
95
83
32
5
66
48
81
23
59
91
26
67
81
48
9
54
4
20
71
86
32
55
82
40
42
20
90
78
85
6
84
12
6
75
77
15
79
29
61
36
84
98
59
52
79
83
86
17
95
68
2
87
31
35
4
77
12
89
16
19
84
98
5
81
51
90
87
3
90
3
35
93
67
98
25
47
36
52
61
10
30
16
94
52
69
100
5
44
76
62
21
61
66
68
24
50
45
77
87
89
72
91
28
6
81
10
25
11
17
26
35
12
27
28
5
31
61
16
72
17
51
46
27
45
50
80
52
42
71
26
99
33
24
5
72
98
82
86
50
4
3
48
31
34
63
94
54
92
56
31
33
25
82
32
83
87
24
33
26
68
62
60
67
42
82
67
58
86
74
80
46
1
25
72
53
54
69
69
41
86
59
34
51
82
9
74
67
42
23
77
98
96
54
50
23
64
97
67
2
15
66
90
27
98
59
87
14
78
9
27
14
52
82
64
30
29
25
36
8
11
10
20
25
29
10
79
26
28
81
43
70
8
30
54
31
96
84
60
2
18
28
73
63
48
1
28
32
64
29
15
95
22
22
15
84
94
81
87
25
11
43
59
24
26
57
66
85
5
50
70
94
45
11
64
3
26
82
7
23
56
54
23
34
42
46
63
30
84
27
22
98
84
87
84
2
91
8
26
94
22
69
23
91
25
15
45
17
24
30
65
71
3
25
55
12
56
42
52
47
49
57
12
43
99
60
89
21
46
63
1
61
74
39
76
15
9
80
94
6
61
23
99
64
31
66
29
47
10
96
79
82
91
61
23
16
52
79
94
41
2
33
49
37
52
54
11
80
10
62
5
32
12
96
29
61
6
29
8
7
30
20
19
44
94
49
23
8
70
73
76
13
99
48
29
56
74
91
43
48
28
44
13
6
10
30
11
11
70
21
50
30
98
71
21
38
67
68
12
41
13
75
59
25
19
60
94
87
49
25
19
35
4
45
30
68
92
100
63
83
50
7
48
6
3
20
18
37
72
11
68
84
27
65
39
85
52
28
22
27
73
97
77
61
87
74
30
14
84
64
98
50
95
45
11
53
58
90
95
19
28
62
96
11
49
7
21
44
6
17
9
67
2
71
4
65
56
55
69
19
93
30
25
13
13
72
56
88
49
64
13
98
93
2
53
50
63
96
97
48
61
83
57
93
78
13
15
20
83
94
78
3
96
41
2
38
86
38
40
62
63
10
56
17
29
80
82
71
31
28
83
37
30
85
68
41
33
38
91
40
58
76
79
77
15
74
23
81
14
75
33
23
78
47
17
70
5
57
71
66
100
98
57
66
37
14
44
10
45
29
47
19
34
42
69
13
30
45
82
5
2
36
37
80
18
27
67
11
87
48
40
83
92
85
52
42
50
22
80
27
69
62
58
88
74
34
70
22
56
39
14
72
95
81
42
53
31
78
87
48
48
5
70
39
84
82
58
58
76
24
93
39
9
37
13
5
18
77
72
87
47
62
35
57
39
89
18
89
82
36
21
81
10
7
75
67
14
90
9
48
70
55
25
9
27
37
72
53
43
97
89
61
28
39
93
29
90
95
39
24
25
24
26
64
29
98
96
90
28
13
43
54
23
23
51
82
83
20
72